# Created by Octave 4.2.1, Sun Apr 23 23:45:19 2017 CST <Jeason@Jeasons-MacBook-Air.local>
# name: a
# type: scalar
0


